support vectors for gaussian kernal are 
     1
     3
     5
     8
    10
    12
    20
    23
    24
    25
    26
    27
    30
    31
    33
    39
    40
    41
    42
    43
    46
    49
    50
    51
    56
    57
    61
    62
    65
    66
    67
    69
    73
    75
    77
    78
    80
    82
    84
    86
    88
    90
    94
    98
   103
   104
   105
   106
   108
   109
   113
   115
   117
   122
   123
   124
   126
   127
   130
   137
   139
   140
   141
   142
   144
   145
   153
   160
   161
   162
   164
   166
   167
   169
   171
   173
   174
   175
   180
   181
   183
   186
   187
   188
   192
   194
   195
   196
   197
   199
   200
   201
   205
   207
   208
   209
   211
   213
   215
   217
   221
   222
   223
   228
   229
   235
   239
   240
   241
   243
   246
   249
   254
   257
   259
   260
   261
   264
   266
   267
   268
   270
   271
   273
   275
   277
   280
     2
     4
     6
     7
    11
    13
    14
    18
    21
    22
    29
    32
    35
    37
    38
    44
    45
    47
    48
    52
    53
    54
    55
    58
    59
    60
    63
    64
    68
    70
    71
    72
    74
    76
    79
    81
    83
    87
    89
    91
    92
    93
    95
    96
    97
    99
   100
   101
   102
   107
   110
   111
   112
   114
   116
   118
   119
   120
   121
   125
   128
   129
   131
   132
   133
   134
   135
   136
   138
   143
   147
   148
   149
   152
   154
   156
   157
   158
   159
   163
   165
   168
   170
   172
   176
   177
   178
   179
   184
   185
   189
   190
   193
   198
   202
   203
   204
   206
   212
   214
   216
   218
   219
   220
   225
   226
   227
   231
   232
   233
   234
   236
   237
   238
   242
   244
   250
   251
   252
   255
   256
   258
   262
   263
   265
   272
   274
   276
   279